#Last Edited: @Mitteleuropäische Zeit, 10.25.2017 20:55
#
#
# 2,93, 1,43, 1,09
particle note 2.93 1.43 1.09 0.1 0.1 0.1 0.1 1 .1
# -2,9, 1,43, 1,09
particle note -2.9 1.43 1.09 0.1 0.1 0.1 0.1 1 .1
# -9,8, 1,43, 1,13
particle note -9.8 1.43 1.13 0.1 0.1 0.1 0.1 1 .1
# 5,67, 1,43, 9,83
particle note 5.67 1.43 9.83 0.1 0.1 0.1 0.1 1 .1
# 2,93, -2,3, 1,09
particle note 2.93 -2.3 1.09 0.1 0.1 0.1 0.1 1 .1
# 5,67, -2,3, 9,83
particle note 5.67 -2.3 9.83 0.1 0.1 0.1 0.1 1 .1
# 2,6, -2,6, 9,74
particle note 2.6 -2.6 9.74 0.1 0.1 0.1 0.1 1 .1
# 5,03, -2,6, 8,73
particle note 5.03 -2.6 8.73 0.1 0.1 0.1 0.1 1 .1
# 2,6, -2,9, 9,74
particle note 2.6 -2.9 9.74 0.1 0.1 0.1 0.1 1 .1
# 5,03, -2,9, 8,73
particle note 5.03 -2.9 8.73 0.1 0.1 0.1 0.1 1 .1
# 8,02, -2,9, 8,03
particle note 8.02 -2.9 8.03 0.1 0.1 0.1 0.1 1 .1
# 5,67, -2,9, 9,83
particle note 5.67 -2.9 9.83 0.1 0.1 0.1 0.1 1 .1
# -9,8, -2,9, 1
particle note -9.8 -2.9 1 0.1 0.1 0.1 0.1 1 .1
# -2,9, -2,9, 1,09
particle note -2.9 -2.9 1.09 0.1 0.1 0.1 0.1 1 .1
# 2,93, -2,9, 1,09
particle note 2.93 -2.9 1.09 0.1 0.1 0.1 0.1 1 .1
# -9,8, -2,9, 1,13
particle note -9.8 -2.9 1.13 0.1 0.1 0.1 0.1 1 .1
# -2,9, -3,2, 1,09
particle note -2.9 -3.2 1.09 0.1 0.1 0.1 0.1 1 .1
# -9,8, -3,2, 1,13
particle note -9.8 -3.2 1.13 0.1 0.1 0.1 0.1 1 .1
# -5,6, -2,9, 9,83
particle note -5.6 -2.9 9.83 0.1 0.1 0.1 0.1 1 .1
# -5,6, -3,2, 9,83
particle note -5.6 -3.2 9.83 0.1 0.1 0.1 0.1 1 .1
# -2,6, -2,9, 9,74
particle note -2.6 -2.9 9.74 0.1 0.1 0.1 0.1 1 .1
# -9,8, -2,6, 1
particle note -9.8 -2.6 1 0.1 0.1 0.1 0.1 1 .1
# -2,6, -2,6, 9,74
particle note -2.6 -2.6 9.74 0.1 0.1 0.1 0.1 1 .1
# -9,8, -2,3, 1,13
particle note -9.8 -2.3 1.13 0.1 0.1 0.1 0.1 1 .1
# 2,49, 7,66, 9,32
particle note 2.49 7.66 9.32 0.1 0.1 0.1 0.1 1 .1
# -9,8, 7,66, 9,65
particle note -9.8 7.66 9.65 0.1 0.1 0.1 0.1 1 .1
# 4,82, 7,66, 8,36
particle note 4.82 7.66 8.36 0.1 0.1 0.1 0.1 1 .1
# 8,02, 1,43, 8,03
particle note 8.02 1.43 8.03 0.1 0.1 0.1 0.1 1 .1
# 6,82, 7,66, 6,82
particle note 6.82 7.66 6.82 0.1 0.1 0.1 0.1 1 .1
# 2,59, 1,43, 9,7
particle note 2.59 1.43 9.7 0.1 0.1 0.1 0.1 1 .1
# -9,8, 1,43, 1
particle note -9.8 1.43 1 0.1 0.1 0.1 0.1 1 .1
# -5,6, 1,43, 9,83
particle note -5.6 1.43 9.83 0.1 0.1 0.1 0.1 1 .1
# -2,5, 1,43, 9,7
particle note -2.5 1.43 9.7 0.1 0.1 0.1 0.1 1 .1
# -9,8, -1,5, 1
particle note -9.8 -1.5 1 0.1 0.1 0.1 0.1 1 .1
# -2,5, -1,5, 9,7
particle note -2.5 -1.5 9.7 0.1 0.1 0.1 0.1 1 .1
# 2,59, -1,5, 9,7
particle note 2.59 -1.5 9.7 0.1 0.1 0.1 0.1 1 .1
# 5,01, 1,43, 8,69
particle note 5.01 1.43 8.69 0.1 0.1 0.1 0.1 1 .1
# 5,01, -1,5, 8,69
particle note 5.01 -1.5 8.69 0.1 0.1 0.1 0.1 1 .1
# 7,09, 1,43, 7,1
particle note 7.09 1.43 7.1 0.1 0.1 0.1 0.1 1 .1
# 7,09, -1,5, 7,1
particle note 7.09 -1.5 7.1 0.1 0.1 0.1 0.1 1 .1
# 8,68, 1,43, 5,02
particle note 8.68 1.43 5.02 0.1 0.1 0.1 0.1 1 .1
# 8,68, -1,5, 5,02
particle note 8.68 -1.5 5.02 0.1 0.1 0.1 0.1 1 .1
# 9,69, 1,43, 2,6
particle note 9.69 1.43 2.6 0.1 0.1 0.1 0.1 1 .1
# 9,69, -1,5, 2,6
particle note 9.69 -1.5 2.6 0.1 0.1 0.1 0.1 1 .1
# 1, 1,43, 7,52
particle note 1 1.43 7.52 0.1 0.1 0.1 0.1 1 .1
# 1, -1,5, 7,52
particle note 1 -1.5 7.52 0.1 0.1 0.1 0.1 1 .1
# 9,69, -1,5, -2,5
particle note 9.69 -1.5 -2.5 0.1 0.1 0.1 0.1 1 .1
# 9,98, -1,5, -3,3
particle note 9.98 -1.5 -3.3 0.1 0.1 0.1 0.1 1 .1
# 9,69, 1,43, -2,5
particle note 9.69 1.43 -2.5 0.1 0.1 0.1 0.1 1 .1
# -9,5, -1,5, -2,9
particle note -9.5 -1.5 -2.9 0.1 0.1 0.1 0.1 1 .1
# -8,6, -1,5, -5
particle note -8.6 -1.5 -5 0.1 0.1 0.1 0.1 1 .1
# -7, -1,5, -7
particle note -7 -1.5 -7 0.1 0.1 0.1 0.1 1 .1
# -5, -1,5, -8,6
particle note -5 -1.5 -8.6 0.1 0.1 0.1 0.1 1 .1
# -2,5, -1,5, -9,6
particle note -2.5 -1.5 -9.6 0.1 0.1 0.1 0.1 1 .1
# -9,8, -1,5, -1
particle note -9.8 -1.5 -1 0.1 0.1 0.1 0.1 1 .1
# 2,59, -1,5, -9,6
particle note 2.59 -1.5 -9.6 0.1 0.1 0.1 0.1 1 .1
# 5,01, -1,5, -8,6
particle note 5.01 -1.5 -8.6 0.1 0.1 0.1 0.1 1 .1
# 7,09, -1,5, -7
particle note 7.09 -1.5 -7 0.1 0.1 0.1 0.1 1 .1
# 8,68, -1,5, -5
particle note 8.68 -1.5 -5 0.1 0.1 0.1 0.1 1 .1
# -5, -1,5, 8,69
particle note -5 -1.5 8.69 0.1 0.1 0.1 0.1 1 .1
# -7, -1,5, 7,1
particle note -7 -1.5 7.1 0.1 0.1 0.1 0.1 1 .1
# -8,6, -1,5, 5,02
particle note -8.6 -1.5 5.02 0.1 0.1 0.1 0.1 1 .1
# -9,6, -1,5, 2,6
particle note -9.6 -1.5 2.6 0.1 0.1 0.1 0.1 1 .1
# -1, -1,5, 7,52
particle note -1 -1.5 7.52 0.1 0.1 0.1 0.1 1 .1
# -9,6, -1,5, -2,5
particle note -9.6 -1.5 -2.5 0.1 0.1 0.1 0.1 1 .1
# -8,6, 1,43, -5
particle note -8.6 1.43 -5 0.1 0.1 0.1 0.1 1 .1
# -9,6, 1,43, -2,5
particle note -9.6 1.43 -2.5 0.1 0.1 0.1 0.1 1 .1
# -7, 1,43, -7
particle note -7 1.43 -7 0.1 0.1 0.1 0.1 1 .1
# -5, 1,43, -8,6
particle note -5 1.43 -8.6 0.1 0.1 0.1 0.1 1 .1
# -2,5, 1,43, -9,6
particle note -2.5 1.43 -9.6 0.1 0.1 0.1 0.1 1 .1
# -9,8, 1,43, -1
particle note -9.8 1.43 -1 0.1 0.1 0.1 0.1 1 .1
# 2,59, 1,43, -9,6
particle note 2.59 1.43 -9.6 0.1 0.1 0.1 0.1 1 .1
# 5,01, 1,43, -8,6
particle note 5.01 1.43 -8.6 0.1 0.1 0.1 0.1 1 .1
# 7,09, 1,43, -7
particle note 7.09 1.43 -7 0.1 0.1 0.1 0.1 1 .1
# 8,68, 1,43, -5
particle note 8.68 1.43 -5 0.1 0.1 0.1 0.1 1 .1
# 1,09, 1,43, -2,9
particle note 1.09 1.43 -2.9 0.1 0.1 0.1 0.1 1 .1
# 1,13, 1,43, 7,52
particle note 1.13 1.43 7.52 0.1 0.1 0.1 0.1 1 .1
# 1,09, 1,43, 2,94
particle note 1.09 1.43 2.94 0.1 0.1 0.1 0.1 1 .1
# 9,82, 1,43, 5,68
particle note 9.82 1.43 5.68 0.1 0.1 0.1 0.1 1 .1
# 2,2, 7,66, 8,24
particle note 2.2 7.66 8.24 0.1 0.1 0.1 0.1 1 .1
# 4,26, 7,66, 7,39
particle note 4.26 7.66 7.39 0.1 0.1 0.1 0.1 1 .1
# -9,8, 7,66, 8,53
particle note -9.8 7.66 8.53 0.1 0.1 0.1 0.1 1 .1
# -2,2, 7,66, 8,24
particle note -2.2 7.66 8.24 0.1 0.1 0.1 0.1 1 .1
# -5, 1,43, 8,69
particle note -5 1.43 8.69 0.1 0.1 0.1 0.1 1 .1
# -4,2, 7,66, 7,39
particle note -4.2 7.66 7.39 0.1 0.1 0.1 0.1 1 .1
# -8, 1,43, 8,03
particle note -8 1.43 8.03 0.1 0.1 0.1 0.1 1 .1
# -5,6, -2,3, 9,83
particle note -5.6 -2.3 9.83 0.1 0.1 0.1 0.1 1 .1
# -8, -2,3, 8,03
particle note -8 -2.3 8.03 0.1 0.1 0.1 0.1 1 .1
# -2,9, -2,3, 1,09
particle note -2.9 -2.3 1.09 0.1 0.1 0.1 0.1 1 .1
# -2,4, 7,66, 9,32
particle note -2.4 7.66 9.32 0.1 0.1 0.1 0.1 1 .1
# -9,8, 1,64, 9,65
particle note -9.8 1.64 9.65 0.1 0.1 0.1 0.1 1 .1
# -2,4, 1,64, 9,32
particle note -2.4 1.64 9.32 0.1 0.1 0.1 0.1 1 .1
# 2,49, 1,64, 9,32
particle note 2.49 1.64 9.32 0.1 0.1 0.1 0.1 1 .1
# 4,82, 1,64, 8,36
particle note 4.82 1.64 8.36 0.1 0.1 0.1 0.1 1 .1
# 6,82, 1,64, 6,82
particle note 6.82 1.64 6.82 0.1 0.1 0.1 0.1 1 .1
# 8,35, 7,66, 4,83
particle note 8.35 7.66 4.83 0.1 0.1 0.1 0.1 1 .1
# 8,35, 1,64, 4,83
particle note 8.35 1.64 4.83 0.1 0.1 0.1 0.1 1 .1
# 8,02, -2,3, 8,03
particle note 8.02 -2.3 8.03 0.1 0.1 0.1 0.1 1 .1
# 9,82, -2,3, 5,68
particle note 9.82 -2.3 5.68 0.1 0.1 0.1 0.1 1 .1
# 7,12, -2,6, 7,13
particle note 7.12 -2.6 7.13 0.1 0.1 0.1 0.1 1 .1
# 7,12, -2,9, 7,13
particle note 7.12 -2.9 7.13 0.1 0.1 0.1 0.1 1 .1
# 9,82, -2,9, 5,68
particle note 9.82 -2.9 5.68 0.1 0.1 0.1 0.1 1 .1
# 8,02, -3,2, 8,03
particle note 8.02 -3.2 8.03 0.1 0.1 0.1 0.1 1 .1
# 9,82, -3,2, 5,68
particle note 9.82 -3.2 5.68 0.1 0.1 0.1 0.1 1 .1
# 5,67, -3,2, 9,83
particle note 5.67 -3.2 9.83 0.1 0.1 0.1 0.1 1 .1
# 2,93, -3,2, 1,09
particle note 2.93 -3.2 1.09 0.1 0.1 0.1 0.1 1 .1
# -8, -3,2, 8,03
particle note -8 -3.2 8.03 0.1 0.1 0.1 0.1 1 .1
# -8, -2,9, 8,03
particle note -8 -2.9 8.03 0.1 0.1 0.1 0.1 1 .1
# -5, -2,9, 8,73
particle note -5 -2.9 8.73 0.1 0.1 0.1 0.1 1 .1
# -5, -2,6, 8,73
particle note -5 -2.6 8.73 0.1 0.1 0.1 0.1 1 .1
# -7,1, -2,6, 7,13
particle note -7.1 -2.6 7.13 0.1 0.1 0.1 0.1 1 .1
# -9,8, -2,3, 5,68
particle note -9.8 -2.3 5.68 0.1 0.1 0.1 0.1 1 .1
# -8,7, -2,6, 5,04
particle note -8.7 -2.6 5.04 0.1 0.1 0.1 0.1 1 .1
# -9,8, 1,43, 5,68
particle note -9.8 1.43 5.68 0.1 0.1 0.1 0.1 1 .1
# -7, 1,43, 7,1
particle note -7 1.43 7.1 0.1 0.1 0.1 0.1 1 .1
# -8,6, 1,43, 5,02
particle note -8.6 1.43 5.02 0.1 0.1 0.1 0.1 1 .1
# -9,6, 1,43, 2,6
particle note -9.6 1.43 2.6 0.1 0.1 0.1 0.1 1 .1
# -1, 1,43, 7,52
particle note -1 1.43 7.52 0.1 0.1 0.1 0.1 1 .1
# -1,1, 1,43, 7,52
particle note -1.1 1.43 7.52 0.1 0.1 0.1 0.1 1 .1
# -1, 1,43, 2,94
particle note -1 1.43 2.94 0.1 0.1 0.1 0.1 1 .1
# -6, 7,66, 6,03
particle note -6 7.66 6.03 0.1 0.1 0.1 0.1 1 .1
# -7,3, 7,66, 4,27
particle note -7.3 7.66 4.27 0.1 0.1 0.1 0.1 1 .1
# -6, 1,64, 6,03
particle note -6 1.64 6.03 0.1 0.1 0.1 0.1 1 .1
# -4,2, 1,64, 7,39
particle note -4.2 1.64 7.39 0.1 0.1 0.1 0.1 1 .1
# -7,3, 1,64, 4,27
particle note -7.3 1.64 4.27 0.1 0.1 0.1 0.1 1 .1
# -8,2, 7,66, 2,21
particle note -8.2 7.66 2.21 0.1 0.1 0.1 0.1 1 .1
# -8,2, 1,64, 2,21
particle note -8.2 1.64 2.21 0.1 0.1 0.1 0.1 1 .1
# -8,5, 7,66, 7,52
particle note -8.5 7.66 7.52 0.1 0.1 0.1 0.1 1 .1
# -8,2, 7,66, -2,2
particle note -8.2 7.66 -2.2 0.1 0.1 0.1 0.1 1 .1
# -7,3, 7,66, -4,2
particle note -7.3 7.66 -4.2 0.1 0.1 0.1 0.1 1 .1
# -1, 1,43, -2,9
particle note -1 1.43 -2.9 0.1 0.1 0.1 0.1 1 .1
# -1, -2,3, -2,9
particle note -1 -2.3 -2.9 0.1 0.1 0.1 0.1 1 .1
# -1,1, -2,3, 7,52
particle note -1.1 -2.3 7.52 0.1 0.1 0.1 0.1 1 .1
# -9,6, 7,66, 7,52
particle note -9.6 7.66 7.52 0.1 0.1 0.1 0.1 1 .1
# -9,3, 7,66, -2,4
particle note -9.3 7.66 -2.4 0.1 0.1 0.1 0.1 1 .1
# -9,6, 1,64, 7,52
particle note -9.6 1.64 7.52 0.1 0.1 0.1 0.1 1 .1
# -9,3, 1,64, -2,4
particle note -9.3 1.64 -2.4 0.1 0.1 0.1 0.1 1 .1
# -9,3, 7,66, 2,5
particle note -9.3 7.66 2.5 0.1 0.1 0.1 0.1 1 .1
# -9,3, 1,64, 2,5
particle note -9.3 1.64 2.5 0.1 0.1 0.1 0.1 1 .1
# -1, -2,3, 2,94
particle note -1 -2.3 2.94 0.1 0.1 0.1 0.1 1 .1
# -1, -2,6, 7,52
particle note -1 -2.6 7.52 0.1 0.1 0.1 0.1 1 .1
# -9,7, -2,6, 2,61
particle note -9.7 -2.6 2.61 0.1 0.1 0.1 0.1 1 .1
# -9,7, -2,6, -2,6
particle note -9.7 -2.6 -2.6 0.1 0.1 0.1 0.1 1 .1
# -9,8, -2,3, -5,6
particle note -9.8 -2.3 -5.6 0.1 0.1 0.1 0.1 1 .1
# -8,7, -2,6, -5
particle note -8.7 -2.6 -5 0.1 0.1 0.1 0.1 1 .1
# -9,8, 1,43, -5,6
particle note -9.8 1.43 -5.6 0.1 0.1 0.1 0.1 1 .1
# -6, 7,66, -6
particle note -6 7.66 -6 0.1 0.1 0.1 0.1 1 .1
# -4,2, 7,66, -7,3
particle note -4.2 7.66 -7.3 0.1 0.1 0.1 0.1 1 .1
# -8, 1,43, -8
particle note -8 1.43 -8 0.1 0.1 0.1 0.1 1 .1
# -8, -2,3, -8
particle note -8 -2.3 -8 0.1 0.1 0.1 0.1 1 .1
# -8,3, 7,66, -4,8
particle note -8.3 7.66 -4.8 0.1 0.1 0.1 0.1 1 .1
# -6,8, 7,66, -6,8
particle note -6.8 7.66 -6.8 0.1 0.1 0.1 0.1 1 .1
# -8,3, 1,64, -4,8
particle note -8.3 1.64 -4.8 0.1 0.1 0.1 0.1 1 .1
# -6,8, 1,64, -6,8
particle note -6.8 1.64 -6.8 0.1 0.1 0.1 0.1 1 .1
# -7,3, 1,64, -4,2
particle note -7.3 1.64 -4.2 0.1 0.1 0.1 0.1 1 .1
# -8,2, 1,64, -2,2
particle note -8.2 1.64 -2.2 0.1 0.1 0.1 0.1 1 .1
# -8,5, 1,64, 7,52
particle note -8.5 1.64 7.52 0.1 0.1 0.1 0.1 1 .1
# -8,3, 1,64, 4,83
particle note -8.3 1.64 4.83 0.1 0.1 0.1 0.1 1 .1
# -6,8, 1,64, 6,82
particle note -6.8 1.64 6.82 0.1 0.1 0.1 0.1 1 .1
# -2,2, 1,64, 8,24
particle note -2.2 1.64 8.24 0.1 0.1 0.1 0.1 1 .1
# -4,8, 1,64, 8,36
particle note -4.8 1.64 8.36 0.1 0.1 0.1 0.1 1 .1
# -9,8, 1,64, 8,53
particle note -9.8 1.64 8.53 0.1 0.1 0.1 0.1 1 .1
# -4,8, 7,66, 8,36
particle note -4.8 7.66 8.36 0.1 0.1 0.1 0.1 1 .1
# -6,8, 7,66, 6,82
particle note -6.8 7.66 6.82 0.1 0.1 0.1 0.1 1 .1
# -8,3, 7,66, 4,83
particle note -8.3 7.66 4.83 0.1 0.1 0.1 0.1 1 .1
# -9,7, -2,9, 2,61
particle note -9.7 -2.9 2.61 0.1 0.1 0.1 0.1 1 .1
# -8,7, -2,9, 5,04
particle note -8.7 -2.9 5.04 0.1 0.1 0.1 0.1 1 .1
# -1, -2,9, 7,52
particle note -1 -2.9 7.52 0.1 0.1 0.1 0.1 1 .1
# -9,7, -2,9, -2,6
particle note -9.7 -2.9 -2.6 0.1 0.1 0.1 0.1 1 .1
# -8,7, -2,9, -5
particle note -8.7 -2.9 -5 0.1 0.1 0.1 0.1 1 .1
# -7,1, -2,6, -7,1
particle note -7.1 -2.6 -7.1 0.1 0.1 0.1 0.1 1 .1
# -7,1, -2,9, -7,1
particle note -7.1 -2.9 -7.1 0.1 0.1 0.1 0.1 1 .1
# -5,6, -2,3, -9,8
particle note -5.6 -2.3 -9.8 0.1 0.1 0.1 0.1 1 .1
# -5, -2,6, -8,7
particle note -5 -2.6 -8.7 0.1 0.1 0.1 0.1 1 .1
# -5,6, 1,43, -9,8
particle note -5.6 1.43 -9.8 0.1 0.1 0.1 0.1 1 .1
# -2,2, 7,66, -8,2
particle note -2.2 7.66 -8.2 0.1 0.1 0.1 0.1 1 .1
# -9,8, 7,66, -8,5
particle note -9.8 7.66 -8.5 0.1 0.1 0.1 0.1 1 .1
# -2,9, 1,43, -1
particle note -2.9 1.43 -1 0.1 0.1 0.1 0.1 1 .1
# 2,93, 1,43, -1
particle note 2.93 1.43 -1 0.1 0.1 0.1 0.1 1 .1
# 5,67, 1,43, -9,8
particle note 5.67 1.43 -9.8 0.1 0.1 0.1 0.1 1 .1
# 8,02, 1,43, -8
particle note 8.02 1.43 -8 0.1 0.1 0.1 0.1 1 .1
# 9,82, 1,43, -5,6
particle note 9.82 1.43 -5.6 0.1 0.1 0.1 0.1 1 .1
# 1,09, -2,3, -2,9
particle note 1.09 -2.3 -2.9 0.1 0.1 0.1 0.1 1 .1
# 9,82, -2,3, -5,6
particle note 9.82 -2.3 -5.6 0.1 0.1 0.1 0.1 1 .1
# 1,13, -2,3, 7,52
particle note 1.13 -2.3 7.52 0.1 0.1 0.1 0.1 1 .1
# 1,09, -2,3, 2,94
particle note 1.09 -2.3 2.94 0.1 0.1 0.1 0.1 1 .1
# 8,72, -2,6, 5,04
particle note 8.72 -2.6 5.04 0.1 0.1 0.1 0.1 1 .1
# 9,73, -2,6, 2,61
particle note 9.73 -2.6 2.61 0.1 0.1 0.1 0.1 1 .1
# 8,72, -2,9, 5,04
particle note 8.72 -2.9 5.04 0.1 0.1 0.1 0.1 1 .1
# 1,09, -2,9, 2,94
particle note 1.09 -2.9 2.94 0.1 0.1 0.1 0.1 1 .1
# 1,09, -3,2, 2,94
particle note 1.09 -3.2 2.94 0.1 0.1 0.1 0.1 1 .1
# 1,38, -3,2, 5,19
particle note 1.38 -3.2 5.19 0.1 0.1 0.1 0.1 1 .1
# -9,8, -3,2, 5,37
particle note -9.8 -3.2 5.37 0.1 0.1 0.1 0.1 1 .1
# -9,8, -3,2, 5,68
particle note -9.8 -3.2 5.68 0.1 0.1 0.1 0.1 1 .1
# -9,8, -2,9, 5,68
particle note -9.8 -2.9 5.68 0.1 0.1 0.1 0.1 1 .1
# -7,1, -2,9, 7,13
particle note -7.1 -2.9 7.13 0.1 0.1 0.1 0.1 1 .1
# -1, -2,9, 2,94
particle note -1 -2.9 2.94 0.1 0.1 0.1 0.1 1 .1
# -1,1, -2,9, 7,52
particle note -1.1 -2.9 7.52 0.1 0.1 0.1 0.1 1 .1
# -1, -2,9, -2,9
particle note -1 -2.9 -2.9 0.1 0.1 0.1 0.1 1 .1
# -9,8, -2,9, -5,6
particle note -9.8 -2.9 -5.6 0.1 0.1 0.1 0.1 1 .1
# -8, -2,9, -8
particle note -8 -2.9 -8 0.1 0.1 0.1 0.1 1 .1
# -5, -2,9, -8,7
particle note -5 -2.9 -8.7 0.1 0.1 0.1 0.1 1 .1
# -2,6, -2,6, -9,7
particle note -2.6 -2.6 -9.7 0.1 0.1 0.1 0.1 1 .1
# -2,6, -2,9, -9,7
particle note -2.6 -2.9 -9.7 0.1 0.1 0.1 0.1 1 .1
# -2,9, -2,3, -1
particle note -2.9 -2.3 -1 0.1 0.1 0.1 0.1 1 .1
# -4,8, 7,66, -8,3
particle note -4.8 7.66 -8.3 0.1 0.1 0.1 0.1 1 .1
# -2,4, 7,66, -9,3
particle note -2.4 7.66 -9.3 0.1 0.1 0.1 0.1 1 .1
# -4,8, 1,64, -8,3
particle note -4.8 1.64 -8.3 0.1 0.1 0.1 0.1 1 .1
# -4,2, 1,64, -7,3
particle note -4.2 1.64 -7.3 0.1 0.1 0.1 0.1 1 .1
# -6, 1,64, -6
particle note -6 1.64 -6 0.1 0.1 0.1 0.1 1 .1
# -2,2, 1,64, -8,2
particle note -2.2 1.64 -8.2 0.1 0.1 0.1 0.1 1 .1
# -9,8, 1,64, -8,5
particle note -9.8 1.64 -8.5 0.1 0.1 0.1 0.1 1 .1
# 2,2, 7,66, -8,2
particle note 2.2 7.66 -8.2 0.1 0.1 0.1 0.1 1 .1
# 2,2, 1,64, -8,2
particle note 2.2 1.64 -8.2 0.1 0.1 0.1 0.1 1 .1
# 4,26, 7,66, -7,3
particle note 4.26 7.66 -7.3 0.1 0.1 0.1 0.1 1 .1
# 6,03, 7,66, -6
particle note 6.03 7.66 -6 0.1 0.1 0.1 0.1 1 .1
# 7,38, 7,66, -4,2
particle note 7.38 7.66 -4.2 0.1 0.1 0.1 0.1 1 .1
# 7,38, 1,64, -4,2
particle note 7.38 1.64 -4.2 0.1 0.1 0.1 0.1 1 .1
# 6,03, 1,64, -6
particle note 6.03 1.64 -6 0.1 0.1 0.1 0.1 1 .1
# 8,23, 7,66, -2,2
particle note 8.23 7.66 -2.2 0.1 0.1 0.1 0.1 1 .1
# 8,23, 1,64, -2,2
particle note 8.23 1.64 -2.2 0.1 0.1 0.1 0.1 1 .1
# 8,52, 7,66, 7,52
particle note 8.52 7.66 7.52 0.1 0.1 0.1 0.1 1 .1
# 8,52, 1,64, 7,52
particle note 8.52 1.64 7.52 0.1 0.1 0.1 0.1 1 .1
# 8,23, 7,66, 2,21
particle note 8.23 7.66 2.21 0.1 0.1 0.1 0.1 1 .1
# 8,23, 1,64, 2,21
particle note 8.23 1.64 2.21 0.1 0.1 0.1 0.1 1 .1
# 7,38, 7,66, 4,27
particle note 7.38 7.66 4.27 0.1 0.1 0.1 0.1 1 .1
# 7,38, 1,64, 4,27
particle note 7.38 1.64 4.27 0.1 0.1 0.1 0.1 1 .1
# 6,03, 7,66, 6,03
particle note 6.03 7.66 6.03 0.1 0.1 0.1 0.1 1 .1
# 6,03, 1,64, 6,03
particle note 6.03 1.64 6.03 0.1 0.1 0.1 0.1 1 .1
# 4,26, 1,64, 7,39
particle note 4.26 1.64 7.39 0.1 0.1 0.1 0.1 1 .1
# 2,2, 1,64, 8,24
particle note 2.2 1.64 8.24 0.1 0.1 0.1 0.1 1 .1
# 9,31, 1,64, 2,5
particle note 9.31 1.64 2.5 0.1 0.1 0.1 0.1 1 .1
# 9,31, 7,66, 2,5
particle note 9.31 7.66 2.5 0.1 0.1 0.1 0.1 1 .1
# 9,64, 7,66, 7,52
particle note 9.64 7.66 7.52 0.1 0.1 0.1 0.1 1 .1
# 9,31, 7,66, -2,4
particle note 9.31 7.66 -2.4 0.1 0.1 0.1 0.1 1 .1
# 8,35, 7,66, -4,8
particle note 8.35 7.66 -4.8 0.1 0.1 0.1 0.1 1 .1
# 6,82, 7,66, -6,8
particle note 6.82 7.66 -6.8 0.1 0.1 0.1 0.1 1 .1
# 8,02, -2,3, -8
particle note 8.02 -2.3 -8 0.1 0.1 0.1 0.1 1 .1
# 8,72, -2,6, -5
particle note 8.72 -2.6 -5 0.1 0.1 0.1 0.1 1 .1
# 7,12, -2,6, -7,1
particle note 7.12 -2.6 -7.1 0.1 0.1 0.1 0.1 1 .1
# 8,72, -2,9, -5
particle note 8.72 -2.9 -5 0.1 0.1 0.1 0.1 1 .1
# 7,12, -2,9, -7,1
particle note 7.12 -2.9 -7.1 0.1 0.1 0.1 0.1 1 .1
# 9,73, -2,6, -2,6
particle note 9.73 -2.6 -2.6 0.1 0.1 0.1 0.1 1 .1
# 9,73, -2,9, -2,6
particle note 9.73 -2.9 -2.6 0.1 0.1 0.1 0.1 1 .1
# 1, -2,6, 7,52
particle note 1 -2.6 7.52 0.1 0.1 0.1 0.1 1 .1
# 1, -2,9, 7,52
particle note 1 -2.9 7.52 0.1 0.1 0.1 0.1 1 .1
# 9,73, -2,9, 2,61
particle note 9.73 -2.9 2.61 0.1 0.1 0.1 0.1 1 .1
# 1,13, -2,9, 7,52
particle note 1.13 -2.9 7.52 0.1 0.1 0.1 0.1 1 .1
# 1,13, -3,2, 7,52
particle note 1.13 -3.2 7.52 0.1 0.1 0.1 0.1 1 .1
# 4,64, -3,2, 2,69
particle note 4.64 -3.2 2.69 0.1 0.1 0.1 0.1 1 .1
# 3,79, -3,2, 3,8
particle note 3.79 -3.2 3.8 0.1 0.1 0.1 0.1 1 .1
# 2,68, -3,2, 4,65
particle note 2.68 -3.2 4.65 0.1 0.1 0.1 0.1 1 .1
# 4,64, -3,2, -2,6
particle note 4.64 -3.2 -2.6 0.1 0.1 0.1 0.1 1 .1
# 5,18, -3,2, -1,3
particle note 5.18 -3.2 -1.3 0.1 0.1 0.1 0.1 1 .1
# 5,36, -3,2, 7,52
particle note 5.36 -3.2 7.52 0.1 0.1 0.1 0.1 1 .1
# 5,18, -3,2, 1,39
particle note 5.18 -3.2 1.39 0.1 0.1 0.1 0.1 1 .1
# -1,3, -3,2, 5,19
particle note -1.3 -3.2 5.19 0.1 0.1 0.1 0.1 1 .1
# -2,6, -3,2, 4,65
particle note -2.6 -3.2 4.65 0.1 0.1 0.1 0.1 1 .1
# -3,7, -3,2, 3,8
particle note -3.7 -3.2 3.8 0.1 0.1 0.1 0.1 1 .1
# -4,6, -3,2, 2,69
particle note -4.6 -3.2 2.69 0.1 0.1 0.1 0.1 1 .1
# -5,1, -3,2, 1,39
particle note -5.1 -3.2 1.39 0.1 0.1 0.1 0.1 1 .1
# -5,3, -3,2, 7,52
particle note -5.3 -3.2 7.52 0.1 0.1 0.1 0.1 1 .1
# -5,1, -3,2, -1,3
particle note -5.1 -3.2 -1.3 0.1 0.1 0.1 0.1 1 .1
# -4,6, -3,2, -2,6
particle note -4.6 -3.2 -2.6 0.1 0.1 0.1 0.1 1 .1
# -3,7, -3,2, -3,7
particle note -3.7 -3.2 -3.7 0.1 0.1 0.1 0.1 1 .1
# -2,6, -3,2, -4,6
particle note -2.6 -3.2 -4.6 0.1 0.1 0.1 0.1 1 .1
# -1,3, -3,2, -5,1
particle note -1.3 -3.2 -5.1 0.1 0.1 0.1 0.1 1 .1
# -9,8, -3,2, -5,3
particle note -9.8 -3.2 -5.3 0.1 0.1 0.1 0.1 1 .1
# 1,38, -3,2, -5,1
particle note 1.38 -3.2 -5.1 0.1 0.1 0.1 0.1 1 .1
# 2,68, -3,2, -4,6
particle note 2.68 -3.2 -4.6 0.1 0.1 0.1 0.1 1 .1
# 3,79, -3,2, -3,7
particle note 3.79 -3.2 -3.7 0.1 0.1 0.1 0.1 1 .1
# 1,09, -3,2, -2,9
particle note 1.09 -3.2 -2.9 0.1 0.1 0.1 0.1 1 .1
# 1,09, -2,9, -2,9
particle note 1.09 -2.9 -2.9 0.1 0.1 0.1 0.1 1 .1
# 9,82, -2,9, -5,6
particle note 9.82 -2.9 -5.6 0.1 0.1 0.1 0.1 1 .1
# 9,82, -3,2, -5,6
particle note 9.82 -3.2 -5.6 0.1 0.1 0.1 0.1 1 .1
# -9,8, -3,2, -5,6
particle note -9.8 -3.2 -5.6 0.1 0.1 0.1 0.1 1 .1
# -1, -3,2, -2,9
particle note -1 -3.2 -2.9 0.1 0.1 0.1 0.1 1 .1
# -1,1, -3,2, 7,52
particle note -1.1 -3.2 7.52 0.1 0.1 0.1 0.1 1 .1
# -1, -3,2, 2,94
particle note -1 -3.2 2.94 0.1 0.1 0.1 0.1 1 .1
# -8, -3,2, -8
particle note -8 -3.2 -8 0.1 0.1 0.1 0.1 1 .1
# -5,6, -2,9, -9,8
particle note -5.6 -2.9 -9.8 0.1 0.1 0.1 0.1 1 .1
# -5,6, -3,2, -9,8
particle note -5.6 -3.2 -9.8 0.1 0.1 0.1 0.1 1 .1
# -9,8, -2,9, -1
particle note -9.8 -2.9 -1 0.1 0.1 0.1 0.1 1 .1
# -9,8, -2,6, -1
particle note -9.8 -2.6 -1 0.1 0.1 0.1 0.1 1 .1
# -9,8, -2,3, -1,1
particle note -9.8 -2.3 -1.1 0.1 0.1 0.1 0.1 1 .1
# -9,8, 1,43, -1,1
particle note -9.8 1.43 -1.1 0.1 0.1 0.1 0.1 1 .1
# 2,93, -2,3, -1
particle note 2.93 -2.3 -1 0.1 0.1 0.1 0.1 1 .1
# 2,6, -2,6, -9,7
particle note 2.6 -2.6 -9.7 0.1 0.1 0.1 0.1 1 .1
# 2,6, -2,9, -9,7
particle note 2.6 -2.9 -9.7 0.1 0.1 0.1 0.1 1 .1
# 5,67, -2,9, -9,8
particle note 5.67 -2.9 -9.8 0.1 0.1 0.1 0.1 1 .1
# 5,03, -2,9, -8,7
particle note 5.03 -2.9 -8.7 0.1 0.1 0.1 0.1 1 .1
# 8,02, -2,9, -8
particle note 8.02 -2.9 -8 0.1 0.1 0.1 0.1 1 .1
# 8,02, -3,2, -8
particle note 8.02 -3.2 -8 0.1 0.1 0.1 0.1 1 .1
# 5,67, -3,2, -9,8
particle note 5.67 -3.2 -9.8 0.1 0.1 0.1 0.1 1 .1
# -2,9, -3,2, -1
particle note -2.9 -3.2 -1 0.1 0.1 0.1 0.1 1 .1
# -2,9, -2,9, -1
particle note -2.9 -2.9 -1 0.1 0.1 0.1 0.1 1 .1
# 2,93, -2,9, -1
particle note 2.93 -2.9 -1 0.1 0.1 0.1 0.1 1 .1
# 2,93, -3,2, -1
particle note 2.93 -3.2 -1 0.1 0.1 0.1 0.1 1 .1
# -9,8, -3,2, -1,1
particle note -9.8 -3.2 -1.1 0.1 0.1 0.1 0.1 1 .1
# -9,8, -2,9, -1,1
particle note -9.8 -2.9 -1.1 0.1 0.1 0.1 0.1 1 .1
# 5,03, -2,6, -8,7
particle note 5.03 -2.6 -8.7 0.1 0.1 0.1 0.1 1 .1
# 5,67, -2,3, -9,8
particle note 5.67 -2.3 -9.8 0.1 0.1 0.1 0.1 1 .1
# 2,49, 7,66, -9,3
particle note 2.49 7.66 -9.3 0.1 0.1 0.1 0.1 1 .1
# 4,82, 7,66, -8,3
particle note 4.82 7.66 -8.3 0.1 0.1 0.1 0.1 1 .1
# -9,8, 7,66, -9,6
particle note -9.8 7.66 -9.6 0.1 0.1 0.1 0.1 1 .1
# -2,4, 1,64, -9,3
particle note -2.4 1.64 -9.3 0.1 0.1 0.1 0.1 1 .1
# -9,8, 1,64, -9,6
particle note -9.8 1.64 -9.6 0.1 0.1 0.1 0.1 1 .1
# 2,49, 1,64, -9,3
particle note 2.49 1.64 -9.3 0.1 0.1 0.1 0.1 1 .1
# 4,82, 1,64, -8,3
particle note 4.82 1.64 -8.3 0.1 0.1 0.1 0.1 1 .1
# 4,26, 1,64, -7,3
particle note 4.26 1.64 -7.3 0.1 0.1 0.1 0.1 1 .1
# 6,82, 1,64, -6,8
particle note 6.82 1.64 -6.8 0.1 0.1 0.1 0.1 1 .1
# 8,35, 1,64, -4,8
particle note 8.35 1.64 -4.8 0.1 0.1 0.1 0.1 1 .1
# 9,31, 1,64, -2,4
particle note 9.31 1.64 -2.4 0.1 0.1 0.1 0.1 1 .1
# 9,64, 1,64, 7,52
particle note 9.64 1.64 7.52 0.1 0.1 0.1 0.1 1 .1
# 8,52, 4,55, 7,52
particle note 8.52 4.55 7.52 0.1 0.1 0.1 0.1 1 .1
# 8,23, 4,55, 2,21
particle note 8.23 4.55 2.21 0.1 0.1 0.1 0.1 1 .1
# 7,38, 4,55, 4,27
particle note 7.38 4.55 4.27 0.1 0.1 0.1 0.1 1 .1
# 6,03, 4,55, 6,03
particle note 6.03 4.55 6.03 0.1 0.1 0.1 0.1 1 .1
# 4,26, 4,55, 7,39
particle note 4.26 4.55 7.39 0.1 0.1 0.1 0.1 1 .1
# 2,2, 4,55, 8,24
particle note 2.2 4.55 8.24 0.1 0.1 0.1 0.1 1 .1
# -9,8, 4,55, 8,53
particle note -9.8 4.55 8.53 0.1 0.1 0.1 0.1 1 .1
# -2,2, 4,55, 8,24
particle note -2.2 4.55 8.24 0.1 0.1 0.1 0.1 1 .1
# -4,2, 4,55, 7,39
particle note -4.2 4.55 7.39 0.1 0.1 0.1 0.1 1 .1
# -6, 4,55, 6,03
particle note -6 4.55 6.03 0.1 0.1 0.1 0.1 1 .1
# -7,3, 4,55, 4,27
particle note -7.3 4.55 4.27 0.1 0.1 0.1 0.1 1 .1
# -8,2, 4,55, 2,21
particle note -8.2 4.55 2.21 0.1 0.1 0.1 0.1 1 .1
# -8,5, 4,55, 7,52
particle note -8.5 4.55 7.52 0.1 0.1 0.1 0.1 1 .1
# -8,2, 4,55, -2,2
particle note -8.2 4.55 -2.2 0.1 0.1 0.1 0.1 1 .1
# -7,3, 4,55, -4,2
particle note -7.3 4.55 -4.2 0.1 0.1 0.1 0.1 1 .1
# -6, 4,55, -6
particle note -6 4.55 -6 0.1 0.1 0.1 0.1 1 .1
# -4,2, 4,55, -7,3
particle note -4.2 4.55 -7.3 0.1 0.1 0.1 0.1 1 .1
# -2,2, 4,55, -8,2
particle note -2.2 4.55 -8.2 0.1 0.1 0.1 0.1 1 .1
# -9,8, 4,55, -8,5
particle note -9.8 4.55 -8.5 0.1 0.1 0.1 0.1 1 .1
# 2,2, 4,55, -8,2
particle note 2.2 4.55 -8.2 0.1 0.1 0.1 0.1 1 .1
# 4,26, 4,55, -7,3
particle note 4.26 4.55 -7.3 0.1 0.1 0.1 0.1 1 .1
# 6,03, 4,55, -6
particle note 6.03 4.55 -6 0.1 0.1 0.1 0.1 1 .1
# 7,38, 4,55, -4,2
particle note 7.38 4.55 -4.2 0.1 0.1 0.1 0.1 1 .1
# 8,23, 4,55, -2,2
particle note 8.23 4.55 -2.2 0.1 0.1 0.1 0.1 1 .1
# 8,52, 1,93, 7,52
particle note 8.52 1.93 7.52 0.1 0.1 0.1 0.1 1 .1
# 8,23, 1,93, 2,21
particle note 8.23 1.93 2.21 0.1 0.1 0.1 0.1 1 .1
# 8,23, 1,93, -2,2
particle note 8.23 1.93 -2.2 0.1 0.1 0.1 0.1 1 .1
# 7,38, 1,93, -4,2
particle note 7.38 1.93 -4.2 0.1 0.1 0.1 0.1 1 .1
# 6,03, 1,93, -6
particle note 6.03 1.93 -6 0.1 0.1 0.1 0.1 1 .1
# 4,26, 1,93, -7,3
particle note 4.26 1.93 -7.3 0.1 0.1 0.1 0.1 1 .1
# 2,2, 1,93, -8,2
particle note 2.2 1.93 -8.2 0.1 0.1 0.1 0.1 1 .1
# -9,8, 1,93, -8,5
particle note -9.8 1.93 -8.5 0.1 0.1 0.1 0.1 1 .1
# -2,2, 1,93, -8,2
particle note -2.2 1.93 -8.2 0.1 0.1 0.1 0.1 1 .1
# -4,2, 1,93, -7,3
particle note -4.2 1.93 -7.3 0.1 0.1 0.1 0.1 1 .1
# -6, 1,93, -6
particle note -6 1.93 -6 0.1 0.1 0.1 0.1 1 .1
# -7,3, 1,93, -4,2
particle note -7.3 1.93 -4.2 0.1 0.1 0.1 0.1 1 .1
# -8,2, 1,93, -2,2
particle note -8.2 1.93 -2.2 0.1 0.1 0.1 0.1 1 .1
# -8,5, 1,93, 7,52
particle note -8.5 1.93 7.52 0.1 0.1 0.1 0.1 1 .1
# -8,2, 1,93, 2,21
particle note -8.2 1.93 2.21 0.1 0.1 0.1 0.1 1 .1
# -7,3, 1,93, 4,27
particle note -7.3 1.93 4.27 0.1 0.1 0.1 0.1 1 .1
# -6, 1,93, 6,03
particle note -6 1.93 6.03 0.1 0.1 0.1 0.1 1 .1
# -4,2, 1,93, 7,39
particle note -4.2 1.93 7.39 0.1 0.1 0.1 0.1 1 .1
# -2,2, 1,93, 8,24
particle note -2.2 1.93 8.24 0.1 0.1 0.1 0.1 1 .1
# -9,8, 1,93, 8,53
particle note -9.8 1.93 8.53 0.1 0.1 0.1 0.1 1 .1
# 2,2, 1,93, 8,24
particle note 2.2 1.93 8.24 0.1 0.1 0.1 0.1 1 .1
# 4,26, 1,93, 7,39
particle note 4.26 1.93 7.39 0.1 0.1 0.1 0.1 1 .1
# 6,03, 1,93, 6,03
particle note 6.03 1.93 6.03 0.1 0.1 0.1 0.1 1 .1
# 7,38, 1,93, 4,27
particle note 7.38 1.93 4.27 0.1 0.1 0.1 0.1 1 .1
# 7,36, 2,67, 7,52
particle note 7.36 2.67 7.52 0.1 0.1 0.1 0.1 1 .1
# 7,11, 2,67, 1,91
particle note 7.11 2.67 1.91 0.1 0.1 0.1 0.1 1 .1
# 7,11, 2,67, -1,8
particle note 7.11 2.67 -1.8 0.1 0.1 0.1 0.1 1 .1
# 6,38, 2,67, -3,6
particle note 6.38 2.67 -3.6 0.1 0.1 0.1 0.1 1 .1
# 5,21, 2,67, -5,2
particle note 5.21 2.67 -5.2 0.1 0.1 0.1 0.1 1 .1
# 3,68, 2,67, -6,3
particle note 3.68 2.67 -6.3 0.1 0.1 0.1 0.1 1 .1
# 1,9, 2,67, -7,1
particle note 1.9 2.67 -7.1 0.1 0.1 0.1 0.1 1 .1
# -9,8, 2,67, -7,3
particle note -9.8 2.67 -7.3 0.1 0.1 0.1 0.1 1 .1
# -1,9, 2,67, -7,1
particle note -1.9 2.67 -7.1 0.1 0.1 0.1 0.1 1 .1
# -3,6, 2,67, -6,3
particle note -3.6 2.67 -6.3 0.1 0.1 0.1 0.1 1 .1
# -5,2, 2,67, -5,2
particle note -5.2 2.67 -5.2 0.1 0.1 0.1 0.1 1 .1
# -6,3, 2,67, -3,6
particle note -6.3 2.67 -3.6 0.1 0.1 0.1 0.1 1 .1
# -7,1, 2,67, 1,91
particle note -7.1 2.67 1.91 0.1 0.1 0.1 0.1 1 .1
# -6,3, 2,67, 3,69
particle note -6.3 2.67 3.69 0.1 0.1 0.1 0.1 1 .1
# -5,2, 2,67, 5,21
particle note -5.2 2.67 5.21 0.1 0.1 0.1 0.1 1 .1
# -3,6, 2,67, 6,38
particle note -3.6 2.67 6.38 0.1 0.1 0.1 0.1 1 .1
# -1,9, 2,67, 7,12
particle note -1.9 2.67 7.12 0.1 0.1 0.1 0.1 1 .1
# -9,8, 2,67, 7,37
particle note -9.8 2.67 7.37 0.1 0.1 0.1 0.1 1 .1
# 1,9, 2,67, 7,12
particle note 1.9 2.67 7.12 0.1 0.1 0.1 0.1 1 .1
# 3,68, 2,67, 6,38
particle note 3.68 2.67 6.38 0.1 0.1 0.1 0.1 1 .1
# 5,21, 2,67, 5,21
particle note 5.21 2.67 5.21 0.1 0.1 0.1 0.1 1 .1
# 6,38, 2,67, 3,69
particle note 6.38 2.67 3.69 0.1 0.1 0.1 0.1 1 .1
# -7,1, 2,67, -1,8
particle note -7.1 2.67 -1.8 0.1 0.1 0.1 0.1 1 .1
# -7,3, 2,67, 7,52
particle note -7.3 2.67 7.52 0.1 0.1 0.1 0.1 1 .1
# 4,6, 3,42, 1,24
particle note 4.6 3.42 1.24 0.1 0.1 0.1 0.1 1 .1
# 4,12, 3,42, 2,38
particle note 4.12 3.42 2.38 0.1 0.1 0.1 0.1 1 .1
# 4,76, 3,42, 7,52
particle note 4.76 3.42 7.52 0.1 0.1 0.1 0.1 1 .1
# 4,6, 3,42, -1,2
particle note 4.6 3.42 -1.2 0.1 0.1 0.1 0.1 1 .1
# 4,12, 3,42, -2,3
particle note 4.12 3.42 -2.3 0.1 0.1 0.1 0.1 1 .1
# 3,36, 3,42, -3,3
particle note 3.36 3.42 -3.3 0.1 0.1 0.1 0.1 1 .1
# 2,38, 3,42, -4,1
particle note 2.38 3.42 -4.1 0.1 0.1 0.1 0.1 1 .1
# 1,23, 3,42, -4,5
particle note 1.23 3.42 -4.5 0.1 0.1 0.1 0.1 1 .1
# -9,8, 3,42, -4,7
particle note -9.8 3.42 -4.7 0.1 0.1 0.1 0.1 1 .1
# -1,2, 3,42, -4,5
particle note -1.2 3.42 -4.5 0.1 0.1 0.1 0.1 1 .1
# -2,3, 3,42, -4,1
particle note -2.3 3.42 -4.1 0.1 0.1 0.1 0.1 1 .1
# -3,3, 3,42, -3,3
particle note -3.3 3.42 -3.3 0.1 0.1 0.1 0.1 1 .1
# -4,1, 3,42, -2,3
particle note -4.1 3.42 -2.3 0.1 0.1 0.1 0.1 1 .1
# -1,2, 4,01, -7
particle note -1.2 4.01 -7 0.1 0.1 0.1 0.1 1 .1
# -1, 4,01, -1
particle note -1 4.01 -1 0.1 0.1 0.1 0.1 1 .1
# -1,3, 4,01, -3,6
particle note -1.3 4.01 -3.6 0.1 0.1 0.1 0.1 1 .1
# -1,4, 4,01, 7,52
particle note -1.4 4.01 7.52 0.1 0.1 0.1 0.1 1 .1
# -1,3, 4,01, 3,78
particle note -1.3 4.01 3.78 0.1 0.1 0.1 0.1 1 .1
# -1,2, 4,01, 7,24
particle note -1.2 4.01 7.24 0.1 0.1 0.1 0.1 1 .1
# -1, 4,01, 1,02
particle note -1 4.01 1.02 0.1 0.1 0.1 0.1 1 .1
# -7,1, 4,01, 1,24
particle note -7.1 4.01 1.24 0.1 0.1 0.1 0.1 1 .1
# -3,7, 4,01, 1,39
particle note -3.7 4.01 1.39 0.1 0.1 0.1 0.1 1 .1
# -9,8, 4,01, 1,44
particle note -9.8 4.01 1.44 0.1 0.1 0.1 0.1 1 .1
# 3,69, 4,01, 1,39
particle note 3.69 4.01 1.39 0.1 0.1 0.1 0.1 1 .1
# 7,15, 4,01, 1,24
particle note 7.15 4.01 1.24 0.1 0.1 0.1 0.1 1 .1
# 1,01, 4,01, 1,02
particle note 1.01 4.01 1.02 0.1 0.1 0.1 0.1 1 .1
# 1,23, 4,01, 7,24
particle note 1.23 4.01 7.24 0.1 0.1 0.1 0.1 1 .1
# 1,38, 4,01, 3,78
particle note 1.38 4.01 3.78 0.1 0.1 0.1 0.1 1 .1
# 1,43, 4,01, 7,52
particle note 1.43 4.01 7.52 0.1 0.1 0.1 0.1 1 .1
# 1,38, 4,01, -3,6
particle note 1.38 4.01 -3.6 0.1 0.1 0.1 0.1 1 .1
# 1,23, 4,01, -7
particle note 1.23 4.01 -7 0.1 0.1 0.1 0.1 1 .1
# 1,01, 4,01, -1
particle note 1.01 4.01 -1 0.1 0.1 0.1 0.1 1 .1
# 7,15, 4,01, -1,2
particle note 7.15 4.01 -1.2 0.1 0.1 0.1 0.1 1 .1
# 3,69, 4,01, -1,3
particle note 3.69 4.01 -1.3 0.1 0.1 0.1 0.1 1 .1
# -9,8, 4,01, -1,4
particle note -9.8 4.01 -1.4 0.1 0.1 0.1 0.1 1 .1
# -3,7, 4,01, -1,3
particle note -3.7 4.01 -1.3 0.1 0.1 0.1 0.1 1 .1
# -7,1, 4,01, -1,2
particle note -7.1 4.01 -1.2 0.1 0.1 0.1 0.1 1 .1
# -4,6, 3,42, -1,2
particle note -4.6 3.42 -1.2 0.1 0.1 0.1 0.1 1 .1
# -4,7, 3,42, 7,52
particle note -4.7 3.42 7.52 0.1 0.1 0.1 0.1 1 .1
# -4,6, 3,42, 1,24
particle note -4.6 3.42 1.24 0.1 0.1 0.1 0.1 1 .1
# -4,1, 3,42, 2,38
particle note -4.1 3.42 2.38 0.1 0.1 0.1 0.1 1 .1
# -3,3, 3,42, 3,37
particle note -3.3 3.42 3.37 0.1 0.1 0.1 0.1 1 .1
# -2,3, 3,42, 4,13
particle note -2.3 3.42 4.13 0.1 0.1 0.1 0.1 1 .1
# -1,2, 3,42, 4,6
particle note -1.2 3.42 4.6 0.1 0.1 0.1 0.1 1 .1
# -9,8, 3,42, 4,77
particle note -9.8 3.42 4.77 0.1 0.1 0.1 0.1 1 .1
# 1,23, 3,42, 4,6
particle note 1.23 3.42 4.6 0.1 0.1 0.1 0.1 1 .1
# 2,38, 3,42, 4,13
particle note 2.38 3.42 4.13 0.1 0.1 0.1 0.1 1 .1
# 3,36, 3,42, 3,37
particle note 3.36 3.42 3.37 0.1 0.1 0.1 0.1 1 .1
